1
10000 10000 10000 10000 10000 10000 10000 10000 10000 10000 10000 10000 10000 10000 10000 10000 10000 10000 10000 10000 10000 10000 10000 10000 10000 10000 10000 10000 10000 10000 10000 10000 10000 10000 10000 10000 10000 10000 10000 10000 10000 10000 10000 10000 10000 10000 10000 10000 10000 10000 10000 10000 10000 10000 10000 10000 10000 10000 10000 10000 10000 10000 10000 10000 10000 10000 10000 10000 10000 10000 10000 10000 10000 10000 10000 10000 10000 10000 10000 10000 10000 10000 10000 10000 10000 10000 10000 10000 10000 10000 10000 10000 10000 10000 10000 10000 10000 10000 10000 10000 10000 10000 10000 10000 10000 10000 10000 10000 10000 10000 10000 10000 10000 10000 10000 10000 10000 10000 10000 10000 10000 10000 10000 10000 10000 10000 10000 10000 10000 10000 10000 10000 10000 10000 10000 10000 10000 10000 10000 10000 10000 10000 10000 10000 10000 10000 10000 10000 10000 10000 10000 10000 10000 10000 10000 10000 10000 10000 10000 10000 10000 10000 
2
10000 9985 9983 10000 9997 10000 10000 9987 10000 9983 9995 9995 9975 9889 10000 10000 10000 10000 9995 9995 9975 9997 10000 9987 10000 9897 9983 9983 10000 10000 10000 9995 9987 9983 10000 9983 9987 10000 10000 10000 10000 9983 9995 9975 0 9975 10000 9983 10000 9985 9997 10000 9987 10000 10000 9983 9983 9995 9985 9975 9983 9983 10000 9985 10000 10000 10000 9985 9987 9995 9983 9975 9987 9995 9983 9889 9975 9995 9975 9975 10000 10000 10000 9975 10000 9995 10000 10000 9997 9983 9987 10000 9975 10000 9985 9995 9987 9985 9995 10000 9995 9985 9983 9995 10000 9889 9983 9975 9997 9975 9897 10000 9900 9983 10000 9975 9995 10000 9889 10000 9995 10000 9997 10000 9975 9975 10000 10000 10000 10000 10000 9995 10000 10000 9995 10000 9987 10000 9983 9889 10000 9995 10000 9900 9995 10000 9995 9975 9975 10000 10000 10000 0 10000 10000 9985 9897 9995 9987 9983 9985 0 
3
10000 9970 9966 10000 9994 10000 10000 9974 10000 9966 9990 9990 9950 9778 10000 10000 10000 10000 9990 9990 9950 9994 10000 9974 10000 9794 9966 9966 10000 10000 10000 9990 9974 9966 10000 9966 9973 10000 10000 10000 10000 9966 9990 9950 0 9950 10000 9966 10000 9970 9994 10000 9974 10000 10000 9966 9966 9990 9970 9950 9966 9966 10000 9970 10000 10000 10000 9970 9974 9990 9966 9949 9974 9990 9966 9778 9950 9990 9949 9950 10000 10000 10000 9950 10000 9990 10000 10000 9994 9966 9974 10000 9949 10000 9970 9990 9974 9970 9990 10000 9990 9970 9966 9990 10000 9778 9966 9944 9994 9949 9794 10000 9799 9966 10000 9949 9990 10000 9778 10000 9990 10000 9994 10000 9949 9949 10000 10000 10000 10000 10000 9990 10000 10000 9990 10000 9974 10000 9966 9778 10000 9990 10000 9799 9990 10000 9990 9949 9949 10000 10000 10000 0 10000 10000 9970 9794 9990 9973 9966 9970 0 
4
10000 9955 9948 10000 9991 10000 10000 9960 10000 9948 9984 9984 9924 9666 10000 10000 10000 10000 9984 9984 9924 9991 10000 9960 10000 9690 9948 9948 10000 10000 10000 9984 9960 9948 10000 9948 9959 10000 10000 10000 10000 9948 9984 9924 0 9924 10000 9948 10000 9955 9991 10000 9960 10000 10000 9948 9948 9984 9955 9924 9948 9948 10000 9955 10000 10000 10000 9955 9960 9984 9948 9923 9960 9984 9948 9666 9924 9984 9923 9924 10000 10000 10000 9924 10000 9984 10000 10000 9991 9948 9960 10000 9923 10000 9955 9984 9960 9955 9984 10000 9984 9955 9948 9984 10000 9666 9948 9908 9991 9923 9690 10000 9698 9948 10000 9923 9984 10000 9666 10000 9984 10000 9991 10000 9923 9923 10000 10000 10000 10000 10000 9984 10000 10000 9984 10000 9960 10000 9948 9666 10000 9984 10000 9698 9984 10000 9984 9923 9923 10000 10000 10000 0 10000 10000 9955 9690 9984 9959 9948 9955 0 
5
10000 9940 9930 10000 9988 10000 10000 9946 10000 9930 9978 9978 9898 9554 10000 10000 10000 10000 9978 9978 9898 9988 10000 9946 10000 9586 9930 9930 10000 10000 10000 9978 9946 9930 10000 9930 9945 10000 10000 10000 10000 9930 9978 9898 0 9898 10000 9930 10000 9940 9988 10000 9946 10000 10000 9930 9930 9978 9940 9898 9930 9930 10000 9939 10000 10000 10000 9940 9946 9978 9930 9897 9946 9978 9930 9554 9898 9978 9897 9898 10000 10000 10000 9898 10000 9978 10000 10000 9988 9930 9946 10000 9897 10000 9940 9978 9946 9940 9978 10000 9978 9940 9930 9978 10000 9554 9930 9872 9988 9897 9586 10000 9596 9930 10000 9897 9978 10000 9554 10000 9978 10000 9988 10000 9897 9897 10000 10000 10000 10000 10000 9978 10000 10000 9978 10000 9946 10000 9930 9554 10000 9978 10000 9596 9978 10000 9978 9897 9897 10000 10000 10000 0 10000 10000 9940 9586 9978 9945 9930 9939 0 
6
10000 9924 9912 10000 9984 10000 10000 9932 10000 9912 9972 9972 9872 9441 10000 10000 10000 10000 9972 9972 9872 9984 10000 9932 10000 9481 9912 9912 10000 10000 10000 9972 9932 9912 10000 9912 9931 10000 10000 10000 10000 9912 9972 9872 0 9872 10000 9912 10000 9924 9984 10000 9932 10000 10000 9912 9912 9972 9924 9872 9912 9912 10000 9923 10000 10000 10000 9924 9932 9972 9912 9871 9932 9972 9912 9441 9872 9972 9871 9872 10000 10000 10000 9872 10000 9972 10000 10000 9984 9912 9932 10000 9871 10000 9924 9972 9932 9924 9972 10000 9972 9924 9912 9972 10000 9441 9912 9830 9984 9871 9481 10000 9494 9912 10000 9871 9972 10000 9441 10000 9972 10000 9984 10000 9871 9871 10000 10000 10000 10000 10000 9972 10000 10000 9972 10000 9932 10000 9912 9441 10000 9972 10000 9494 9972 10000 9972 9871 9871 10000 10000 10000 0 10000 10000 9924 9481 9972 9931 9912 9923 0 
7
10000 9908 9894 10000 9980 10000 10000 9917 10000 9894 9966 9966 9846 9327 10000 10000 10000 10000 9966 9966 9846 9980 10000 9918 10000 9376 9894 9894 10000 10000 10000 9966 9918 9894 10000 9894 9916 10000 10000 10000 10000 9894 9966 9846 0 9846 10000 9894 10000 9908 9980 10000 9918 10000 10000 9894 9894 9966 9908 9846 9894 9894 10000 9907 10000 10000 10000 9908 9918 9966 9894 9844 9918 9966 9894 9327 9845 9966 9844 9846 10000 10000 10000 9845 10000 9966 10000 10000 9980 9894 9918 10000 9844 10000 9908 9966 9918 9908 9966 10000 9966 9908 9894 9966 10000 9327 9894 9788 9980 9845 9376 10000 9391 9894 10000 9844 9966 10000 9327 10000 9966 10000 9980 10000 9845 9844 10000 10000 10000 10000 10000 9966 10000 10000 9966 10000 9918 10000 9894 9327 10000 9966 10000 9391 9966 10000 9966 9844 9844 10000 10000 10000 0 10000 10000 9908 9376 9966 9916 9894 9907 0 
8
10000 9892 9875 10000 9976 10000 10000 9902 10000 9875 9959 9959 9819 9213 10000 10000 10000 10000 9959 9959 9819 9976 10000 9903 10000 9270 9875 9875 10000 10000 10000 9959 9903 9875 10000 9875 9901 10000 10000 10000 10000 9875 9959 9819 0 9819 10000 9875 10000 9892 9976 10000 9903 10000 10000 9875 9875 9960 9892 9819 9875 9875 10000 9891 10000 10000 10000 9892 9903 9959 9875 9817 9903 9959 9875 9213 9818 9959 9817 9819 10000 10000 10000 9818 10000 9959 10000 10000 9976 9875 9903 10000 9817 10000 9892 9959 9903 9892 9959 10000 9959 9892 9875 9959 10000 9213 9875 9745 9976 9818 9270 10000 9288 9875 10000 9817 9959 10000 9213 10000 9959 10000 9976 10000 9818 9817 10000 10000 10000 10000 10000 9960 10000 10000 9959 10000 9903 10000 9875 9213 10000 9959 10000 9288 9959 10000 9959 9817 9817 10000 10000 10000 0 10000 10000 9892 9270 9959 9901 9875 9891 0 
9
10000 9876 9856 10000 9972 10000 10000 9887 10000 9856 9952 9952 9792 9098 10000 10000 10000 10000 9952 9952 9792 9972 10000 9888 10000 9163 9856 9856 10000 10000 10000 9952 9888 9856 10000 9856 9886 10000 10000 10000 10000 9856 9952 9792 0 9792 10000 9856 10000 9876 9972 10000 9888 10000 10000 9856 9856 9953 9876 9792 9856 9856 10000 9875 10000 10000 10000 9876 9888 9952 9856 9790 9888 9952 9856 9098 9791 9952 9790 9792 10000 10000 10000 9791 10000 9952 10000 10000 9972 9856 9888 10000 9790 10000 9876 9952 9888 9876 9952 10000 9952 9876 9856 9952 10000 9098 9856 9702 9972 9791 9163 10000 9184 9856 10000 9790 9952 10000 9098 10000 9952 10000 9972 10000 9791 9790 10000 10000 10000 10000 10000 9953 10000 10000 9952 10000 9888 10000 9856 9098 10000 9952 10000 9184 9952 10000 9952 9790 9790 10000 10000 10000 0 10000 10000 9876 9163 9952 9886 9856 9875 0 
10
10000 9860 9837 10000 9968 10000 10000 9872 10000 9837 9945 9945 9765 8983 10000 10000 10000 10000 9945 9945 9765 9968 10000 9873 10000 9056 9837 9837 10000 10000 10000 9945 9873 9837 10000 9837 9871 10000 10000 10000 10000 9837 9945 9765 0 9765 10000 9837 10000 9860 9968 10000 9873 10000 10000 9837 9837 9946 9860 9765 9837 9837 10000 9859 10000 10000 10000 9860 9873 9945 9837 9763 9873 9945 9837 8982 9764 9945 9763 9765 10000 10000 10000 9764 10000 9945 10000 10000 9968 9837 9873 10000 9763 10000 9860 9945 9873 9860 9945 10000 9945 9860 9837 9945 10000 8982 9837 9658 9968 9764 9056 10000 9080 9837 10000 9763 9945 10000 8982 10000 9945 10000 9968 10000 9764 9763 10000 10000 10000 10000 10000 9946 10000 10000 9945 10000 9873 10000 9837 8983 10000 9945 10000 9080 9945 10000 9945 9763 9763 10000 10000 10000 0 10000 10000 9860 9056 9945 9871 9837 9859 0 
11
10000 9844 9818 10000 9964 10000 10000 9856 10000 9818 9938 9938 9737 8867 10000 10000 10000 10000 9938 9938 9737 9964 10000 9858 10000 8948 9818 9818 10000 10000 10000 9938 9858 9818 10000 9818 9855 10000 10000 10000 10000 9818 9938 9737 0 9738 10000 9818 10000 9844 9964 10000 9858 10000 10000 9818 9818 9939 9844 9737 9818 9818 10000 9843 10000 10000 10000 9844 9858 9938 9818 9735 9857 9938 9818 8866 9736 9938 9735 9738 10000 10000 10000 9736 10000 9938 10000 10000 9964 9818 9858 10000 9735 10000 9844 9938 9858 9844 9938 10000 9938 9844 9818 9938 10000 8866 9818 9614 9964 9737 8948 10000 8975 9818 10000 9735 9938 10000 8866 10000 9938 10000 9964 10000 9736 9735 10000 10000 10000 10000 10000 9939 10000 10000 9938 10000 9858 10000 9818 8867 10000 9938 10000 8975 9938 10000 9938 9735 9735 10000 10000 10000 0 10000 10000 9844 8948 9938 9855 9818 9843 0 
12
10000 9828 9798 10000 9960 10000 10000 9840 10000 9799 9931 9931 9709 8750 10000 10000 10000 10000 9931 9931 9709 9960 10000 9842 10000 8839 9798 9798 10000 10000 10000 9931 9842 9798 10000 9799 9839 10000 10000 10000 10000 9799 9931 9709 0 9710 10000 9798 10000 9828 9960 10000 9842 10000 10000 9798 9799 9932 9828 9709 9798 9798 10000 9827 10000 10000 10000 9828 9842 9931 9798 9707 9841 9931 9798 8749 9708 9930 9707 9710 10000 10000 10000 9708 10000 9931 10000 10000 9960 9798 9842 10000 9707 10000 9828 9931 9842 9828 9931 10000 9931 9828 9798 9931 10000 8749 9798 9569 9960 9709 8840 10000 8870 9798 10000 9707 9931 10000 8749 10000 9930 10000 9960 10000 9708 9707 10000 10000 10000 10000 10000 9932 10000 10000 9910 10000 9842 10000 9799 8750 10000 9931 10000 8870 9931 10000 9931 9707 9707 10000 10000 10000 0 10000 10000 9828 8840 9931 9839 9799 9827 0 
13
10000 9812 9778 10000 9956 10000 10000 9824 10000 9779 9923 9923 9681 8633 10000 10000 10000 10000 9923 9923 9681 9956 10000 9826 10000 8730 9778 9778 10000 10000 10000 9923 9826 9778 10000 9779 9823 10000 10000 10000 10000 9779 9923 9681 0 9682 10000 9778 10000 9812 9956 10000 9826 10000 10000 9778 9779 9924 9812 9681 9778 9778 10000 9811 10000 10000 10000 9811 9826 9923 9778 9679 9825 9923 9778 8632 9680 9922 9679 9682 10000 10000 10000 9680 10000 9923 10000 10000 9956 9778 9826 10000 9679 10000 9812 9923 9826 9812 9923 10000 9923 9812 9778 9923 10000 8632 9778 9524 9956 9681 8731 10000 8764 9778 10000 9679 9923 10000 8632 10000 9922 10000 9956 10000 9680 9679 10000 10000 10000 10000 10000 9924 10000 10000 9877 10000 9826 10000 9779 8633 10000 9923 10000 8764 9923 10000 9923 9679 9679 10000 10000 10000 0 10000 10000 9812 8731 9923 9823 9779 9810 0 
14
10000 9795 9758 10000 9952 10000 10000 9808 10000 9759 9915 9915 9653 8515 10000 10000 10000 10000 9915 9915 9653 9952 10000 9810 10000 8620 9758 9758 10000 10000 10000 9915 9810 9758 10000 9759 9807 10000 10000 10000 10000 9759 9915 9653 0 9654 10000 9758 10000 9796 9952 10000 9810 10000 10000 9758 9759 9916 9795 9653 9758 9758 10000 9794 10000 10000 10000 9794 9810 9915 9758 9651 9809 9915 9758 8514 9652 9914 9651 9654 10000 10000 10000 9652 10000 9915 10000 10000 9952 9758 9810 10000 9651 10000 9795 9915 9810 9795 9915 10000 9915 9795 9758 9915 10000 8514 9758 9478 9952 9653 8621 10000 8658 9758 10000 9651 9915 10000 8514 10000 9914 10000 9952 10000 9652 9651 10000 10000 10000 10000 10000 9916 10000 10000 9838 10000 9810 10000 9759 8515 10000 9915 10000 8658 9915 10000 9915 9651 9651 10000 10000 10000 0 10000 10000 9795 8621 9915 9807 9759 9793 0 
15
10000 9778 9738 10000 9947 10000 10000 9792 10000 9739 9907 9907 9624 8396 10000 10000 10000 10000 9907 9907 9624 9947 10000 9794 10000 8510 9738 9738 10000 10000 10000 9907 9794 9738 10000 9739 9790 10000 10000 10000 10000 9739 9907 9624 0 9626 10000 9738 10000 9779 9947 10000 9794 10000 10000 9738 9739 9908 9778 9624 9738 9738 10000 9777 10000 10000 10000 9777 9794 9907 9738 9622 9792 9907 9738 8395 9623 9906 9622 9625 10000 10000 10000 9623 10000 9907 10000 10000 9947 9738 9794 10000 9622 10000 9778 9907 9794 9778 9907 10000 9907 9778 9738 9907 10000 8395 9738 9432 9947 9624 8511 10000 8551 9738 10000 9622 9907 10000 8395 10000 9906 10000 9947 10000 9623 9622 10000 10000 10000 10000 10000 9908 10000 10000 9778 10000 9793 10000 9739 8396 10000 9907 10000 8551 9907 10000 9907 9622 9622 10000 10000 10000 0 10000 10000 9778 8511 9907 9790 9739 9776 0 
16
10000 9761 9717 10000 9942 10000 10000 9775 10000 9719 9899 9899 9595 8277 10000 10000 10000 10000 9899 9899 9595 9942 10000 9777 10000 8399 9717 9717 10000 10000 10000 9899 9777 9717 10000 9719 9773 10000 10000 10000 10000 9719 9899 9595 0 9597 10000 9718 10000 9762 9942 10000 9777 10000 10000 9718 9719 9900 9761 9595 9718 9717 10000 9760 10000 10000 10000 9760 9777 9899 9718 9593 9775 9899 9717 8276 9594 9898 9593 9596 10000 10000 10000 9594 10000 9899 10000 10000 9942 9718 9777 10000 9593 10000 9761 9899 9777 9761 9899 10000 9899 9761 9718 9899 10000 8276 9718 9386 9942 9595 8400 10000 8444 9718 10000 9593 9899 10000 8276 10000 9898 10000 9942 10000 9594 9593 10000 10000 10000 10000 10000 9900 10000 10000 9712 10000 9776 10000 9719 8277 10000 9899 10000 8444 9899 10000 9899 9593 9593 10000 10000 10000 0 10000 10000 9761 8400 9899 9773 9719 9759 0 
17
10000 9744 9696 10000 9937 10000 10000 9758 10000 9698 9891 9890 9566 8157 10000 10000 10000 10000 9890 9890 9566 9937 10000 9760 10000 8287 9696 9696 10000 10000 10000 9890 9760 9696 10000 9698 9756 10000 10000 10000 10000 9698 9890 9566 0 9568 10000 9697 10000 9745 9937 10000 9760 10000 10000 9697 9698 9891 9744 9566 9697 9696 10000 9743 10000 10000 10000 9743 9760 9890 9697 9564 9758 9890 9696 8156 9565 9889 9564 9567 10000 10000 10000 9565 10000 9891 10000 10000 9937 9697 9760 10000 9564 10000 9744 9890 9760 9744 9890 10000 9890 9744 9697 9891 10000 8156 9697 9339 9937 9566 8288 10000 8336 9697 10000 9564 9890 10000 8156 10000 9889 10000 9937 10000 9565 9564 10000 10000 10000 10000 10000 9892 10000 10000 9624 10000 9759 10000 9698 8157 10000 9890 10000 8336 9890 10000 9890 9564 9564 10000 10000 10000 0 10000 10000 9744 8288 9890 9756 9698 9742 0 
18
10000 9727 9675 10000 9932 10000 10000 9741 10000 9677 9882 9881 9537 8036 10000 10000 10000 10000 9881 9881 9537 9932 10000 9743 10000 8175 9675 9675 10000 10000 10000 9881 9743 9675 10000 9677 9739 10000 10000 10000 10000 9677 9881 9537 0 9539 10000 9676 10000 9728 9932 10000 9743 10000 10000 9676 9677 9882 9727 9537 9676 9675 10000 9726 10000 10000 10000 9726 9743 9881 9676 9535 9741 9881 9675 8035 9536 9880 9535 9538 10000 10000 10000 9536 10000 9882 10000 10000 9932 9676 9743 10000 9535 10000 9727 9881 9743 9727 9881 10000 9881 9727 9676 9882 10000 8035 9676 9292 9932 9537 8176 10000 8228 9676 10000 9535 9881 10000 8035 10000 9880 10000 9932 10000 9536 9535 10000 10000 10000 10000 10000 9883 10000 10000 9513 10000 9742 10000 9677 8036 10000 9881 10000 8228 9881 10000 9881 9535 9534 10000 10000 10000 0 10000 10000 9727 8176 9881 9739 9677 9725 0 
19
10000 9710 9654 10000 9927 10000 10000 9723 10000 9656 9873 9872 9507 7915 10000 10000 10000 10000 9872 9872 9507 9927 10000 9725 10000 8062 9654 9654 10000 10000 10000 9872 9725 9654 10000 9656 9721 10000 10000 10000 10000 9656 9872 9507 0 9510 10000 9655 10000 9711 9927 10000 9725 10000 10000 9655 9656 9873 9710 9507 9655 9654 10000 9709 10000 10000 10000 9709 9726 9872 9655 9505 9723 9872 9654 7914 9506 9871 9505 9508 10000 10000 10000 9506 10000 9873 10000 10000 9927 9655 9725 10000 9505 10000 9710 9872 9726 9710 9872 10000 9872 9710 9655 9873 10000 7914 9655 9244 9927 9507 8063 10000 8119 9655 10000 9505 9872 10000 7914 10000 9871 10000 9927 10000 9506 9505 10000 10000 10000 10000 10000 9874 10000 10000 9394 10000 9724 10000 9656 7915 10000 9872 10000 8119 9872 10000 9872 9505 9504 10000 10000 10000 0 10000 10000 9710 8063 9872 9721 9656 9708 0 
20
10000 9693 9633 10000 9922 10000 10000 9705 10000 9635 9864 9863 9477 7793 10000 10000 10000 10000 9863 9863 9477 9922 10000 9707 10000 7948 9633 9633 10000 10000 10000 9863 9707 9633 10000 9635 9703 10000 10000 10000 10000 9635 9863 9477 0 9480 10000 9634 10000 9694 9922 10000 9707 10000 10000 9634 9635 9864 9693 9477 9634 9633 10000 9692 10000 10000 10000 9692 9708 9863 9634 9475 9705 9863 9633 7792 9476 9862 9475 9478 10000 10000 10000 9476 10000 9864 10000 10000 9922 9634 9707 10000 9475 10000 9693 9863 9708 9693 9863 10000 9863 9693 9634 9864 10000 7792 9634 9196 9922 9477 7950 10000 8010 9634 10000 9475 9863 10000 7792 10000 9862 10000 9922 10000 9476 9475 10000 10000 10000 10000 10000 9865 10000 10000 9272 10000 9706 10000 9635 7793 10000 9863 10000 8010 9863 10000 9863 9475 9474 10000 10000 10000 0 10000 10000 9693 7949 9863 9703 9635 9691 0 
21
10000 9676 9611 10000 9917 10000 10000 9687 10000 9613 9855 9854 9447 7670 10000 10000 10000 10000 9854 9853 9447 9917 10000 9689 10000 7834 9611 9611 10000 10000 10000 9854 9689 9611 10000 9614 9685 10000 10000 10000 10000 9613 9854 9447 0 9450 10000 9612 10000 9677 9917 10000 9689 10000 10000 9612 9613 9855 9676 9447 9612 9611 10000 9675 10000 10000 10000 9675 9690 9853 9612 9445 9687 9854 9611 7669 9446 9852 9445 9448 10000 10000 10000 9446 10000 9855 10000 10000 9917 9612 9689 10000 9445 10000 9676 9854 9690 9676 9854 10000 9853 9676 9612 9855 10000 7669 9612 9147 9917 9447 7836 10000 7900 9612 10000 9445 9854 10000 7669 10000 9852 10000 9917 10000 9446 9445 10000 10000 10000 10000 10000 9856 10000 10000 9146 10000 9688 10000 9613 7670 10000 9854 10000 7900 9854 10000 9854 9445 9444 10000 10000 10000 0 10000 10000 9676 7835 9853 9685 9613 9674 0 
22
10000 9659 9589 10000 9912 10000 10000 9669 10000 9591 9845 9844 9416 7547 10000 10000 10000 10000 9844 9843 9417 9912 10000 9671 10000 7719 9589 9589 10000 10000 10000 9844 9671 9589 10000 9592 9667 10000 10000 10000 10000 9591 9844 9417 0 9420 10000 9590 10000 9660 9912 10000 9671 10000 10000 9590 9591 9845 9658 9417 9590 9589 10000 9657 10000 10000 10000 9657 9672 9843 9590 9414 9669 9844 9589 7546 9416 9842 9414 9418 10000 10000 10000 9415 10000 9845 10000 10000 9912 9590 9671 10000 9414 10000 9658 9844 9672 9659 9844 10000 9843 9659 9590 9845 10000 7546 9590 9098 9912 9417 7721 10000 7790 9590 10000 9415 9844 10000 7546 10000 9842 10000 9912 10000 9416 9415 10000 10000 10000 10000 10000 9846 10000 10000 9017 10000 9670 10000 9591 7547 10000 9844 10000 7790 9844 10000 9844 9415 9413 10000 10000 10000 0 10000 10000 9658 7720 9843 9667 9591 9656 0 
23
10000 9641 9567 10000 9907 10000 10000 9650 10000 9569 9835 9834 9385 7423 10000 10000 10000 10000 9834 9833 9386 9907 10000 9652 10000 7603 9567 9567 10000 10000 10000 9834 9652 9567 10000 9570 9648 10000 10000 10000 10000 9569 9834 9386 0 9389 10000 9568 10000 9642 9907 10000 9652 10000 10000 9568 9569 9835 9640 9386 9568 9567 10000 9639 10000 10000 10000 9639 9653 9833 9568 9383 9650 9834 9567 7422 9385 9832 9383 9387 10000 10000 10000 9384 10000 9835 10000 10000 9907 9568 9652 10000 9383 10000 9640 9834 9654 9641 9834 10000 9833 9641 9568 9835 10000 7422 9568 9048 9907 9386 7606 10000 7679 9568 10000 9384 9834 10000 7422 10000 9832 10000 9907 10000 9385 9384 10000 10000 10000 10000 10000 9836 10000 10000 8775 10000 9651 10000 9569 7423 10000 9834 10000 7679 9834 10000 9834 9384 9382 10000 10000 10000 0 10000 10000 9640 7605 9833 9648 9569 9638 0 
24
10000 9623 9545 10000 9901 10000 10000 9631 10000 9547 9825 9824 9354 7298 10000 10000 10000 10000 9824 9823 9355 9901 10000 9633 10000 7487 9545 9545 10000 10000 10000 9824 9633 9545 10000 9548 9629 10000 10000 10000 10000 9547 9824 9355 0 9358 10000 9546 10000 9624 9901 10000 9633 10000 10000 9546 9547 9825 9622 9355 9546 9545 10000 9621 10000 10000 10000 9621 9634 9823 9546 9352 9631 9824 9545 7297 9354 9822 9352 9356 10000 10000 10000 9353 10000 9825 10000 10000 9902 9546 9633 10000 9352 10000 9622 9824 9635 9623 9824 10000 9823 9623 9546 9825 10000 7297 9546 8998 9901 9355 7490 10000 7568 9546 10000 9353 9824 10000 7297 10000 9822 10000 9901 10000 9354 9353 10000 10000 10000 10000 10000 9826 10000 10000 8514 10000 9632 10000 9547 7298 10000 9824 10000 7568 9824 10000 9824 9353 9351 10000 10000 10000 0 10000 10000 9622 7489 9823 9629 9547 9620 0 
25
10000 9605 9522 10000 9895 10000 10000 9612 10000 9525 9815 9814 9323 7173 10000 10000 10000 10000 9814 9813 9324 9895 10000 9614 10000 7370 9522 9522 10000 10000 10000 9814 9614 9522 10000 9526 9610 10000 10000 10000 10000 9524 9814 9324 0 9327 10000 9523 10000 9606 9895 10000 9614 10000 10000 9523 9524 9815 9604 9324 9523 9522 10000 9603 10000 10000 10000 9603 9615 9813 9523 9321 9612 9814 9522 7171 9323 9812 9321 9325 10000 10000 10000 9322 10000 9815 10000 10000 9896 9524 9614 10000 9321 10000 9604 9814 9616 9605 9814 10000 9813 9605 9523 9815 10000 7172 9523 8947 9895 9324 7373 10000 7456 9523 10000 9322 9814 10000 7172 10000 9811 10000 9895 10000 9323 9322 10000 10000 10000 10000 10000 9816 10000 10000 8214 10000 9613 10000 9525 7173 10000 9814 10000 7456 9814 10000 9814 9322 9320 10000 10000 10000 0 10000 10000 9604 7372 9813 9610 9524 9602 0 
26
10000 9587 9499 10000 9889 10000 10000 9593 10000 9502 9804 9803 9291 7047 10000 10000 10000 10000 9803 9802 9292 9889 10000 9595 10000 7253 9499 9499 10000 10000 10000 9803 9595 9499 10000 9503 9591 10000 10000 10000 10000 9501 9804 9292 0 9296 10000 9500 10000 9588 9889 10000 9595 10000 10000 9500 9501 9804 9586 9293 9500 9499 10000 9585 10000 10000 10000 9585 9596 9802 9500 9289 9593 9803 9499 7045 9292 9801 9289 9294 10000 10000 10000 9290 10000 9804 10000 10000 9890 9501 9595 10000 9289 10000 9586 9803 9597 9587 9803 10000 9802 9587 9500 9804 10000 7046 9500 8896 9889 9292 7256 10000 7343 9500 10000 9290 9803 10000 7046 10000 9800 10000 9889 10000 9291 9291 10000 10000 10000 10000 10000 9806 10000 10000 7887 10000 9594 10000 9502 7047 10000 9803 10000 7343 9803 10000 9803 9290 9288 10000 10000 10000 0 10000 10000 9586 7255 9802 9591 9501 9584 0 
27
10000 9569 9476 10000 9883 10000 10000 9573 10000 9479 9793 9792 9259 6920 10000 10000 10000 10000 9792 9791 9260 9883 10000 9575 10000 7135 9476 9476 10000 10000 10000 9792 9575 9476 10000 9480 9571 10000 10000 10000 10000 9478 9793 9260 0 9264 10000 9477 10000 9570 9883 10000 9575 10000 10000 9477 9478 9793 9568 9261 9477 9476 10000 9567 10000 10000 10000 9567 9576 9791 9477 9257 9573 9792 9476 6918 9260 9790 9257 9262 10000 10000 10000 9258 10000 9793 10000 10000 9884 9478 9575 10000 9257 10000 9568 9792 9578 9569 9792 10000 9791 9569 9477 9793 10000 6919 9477 8844 9883 9260 7138 10000 7230 9477 10000 9258 9792 10000 6919 10000 9789 10000 9883 10000 9259 9259 10000 10000 10000 10000 10000 9795 10000 10000 7416 10000 9574 10000 9479 6920 10000 9792 10000 7230 9792 10000 9792 9258 9256 10000 10000 10000 0 10000 10000 9568 7137 9791 9571 9478 9566 0 
28
10000 9551 9453 10000 9877 10000 10000 9553 10000 9456 9782 9781 9227 6792 10000 10000 10000 10000 9781 9780 9228 9877 10000 9555 10000 7016 9453 9453 10000 10000 10000 9781 9555 9453 10000 9457 9551 10000 10000 10000 10000 9455 9782 9228 0 9232 10000 9454 10000 9552 9877 10000 9555 10000 10000 9454 9455 9782 9550 9229 9454 9453 10000 9549 10000 10000 10000 9549 9556 9780 9454 9225 9553 9781 9453 6790 9228 9779 9225 9230 10000 10000 10000 9226 10000 9782 10000 10000 9878 9455 9555 10000 9225 10000 9550 9781 9558 9551 9781 10000 9780 9551 9454 9782 10000 6791 9454 8792 9877 9228 7019 10000 7116 9454 10000 9226 9781 10000 6791 10000 9778 10000 9877 10000 9227 9227 10000 10000 10000 10000 10000 9784 10000 10000 6892 10000 9554 10000 9456 6793 10000 9781 10000 7116 9781 10000 9781 9226 9224 10000 10000 10000 0 10000 10000 9550 7018 9780 9551 9455 9548 0 
29
10000 9533 9429 10000 9871 10000 10000 9533 10000 9433 9771 9770 9195 6664 10000 10000 10000 10000 9770 9769 9196 9871 10000 9535 10000 6896 9429 9429 10000 10000 10000 9770 9535 9429 10000 9434 9531 10000 10000 10000 10000 9432 9771 9196 0 9200 10000 9430 10000 9534 9871 10000 9535 10000 10000 9430 9432 9771 9532 9197 9430 9429 10000 9531 10000 10000 10000 9531 9536 9769 9430 9193 9533 9770 9429 6662 9196 9768 9193 9198 10000 10000 10000 9194 10000 9771 10000 10000 9872 9432 9535 10000 9193 10000 9532 9770 9538 9533 9770 10000 9769 9533 9430 9771 10000 6663 9430 8739 9871 9196 6900 10000 7002 9431 10000 9194 9770 10000 6663 10000 9766 10000 9871 10000 9195 9195 10000 10000 10000 10000 10000 9773 10000 10000 6277 10000 9534 10000 9433 6665 10000 9770 10000 7002 9770 10000 9770 9194 9191 10000 10000 10000 0 10000 10000 9532 6899 9769 9531 9431 9530 0 
30
10000 9515 9405 10000 9865 10000 10000 9512 10000 9409 9760 9758 9162 6535 10000 10000 10000 10000 9758 9757 9163 9865 10000 9515 10000 6776 9405 9405 10000 10000 10000 9758 9514 9405 10000 9410 9511 10000 10000 10000 10000 9408 9760 9163 0 9167 10000 9406 10000 9516 9865 10000 9515 10000 10000 9406 9408 9760 9513 9164 9406 9405 10000 9512 10000 10000 10000 9512 9516 9757 9406 9160 9512 9758 9405 6533 9163 9756 9160 9166 10000 10000 10000 9161 10000 9760 10000 10000 9866 9408 9515 10000 9160 10000 9514 9758 9518 9515 9758 10000 9757 9515 9406 9760 10000 6534 9406 8686 9865 9163 6780 10000 6887 9407 10000 9161 9758 10000 6534 10000 9754 10000 9865 10000 9162 9162 10000 10000 10000 10000 10000 9762 10000 10000 5564 10000 9514 10000 9409 6536 10000 9759 10000 6887 9759 10000 9759 9161 9158 10000 10000 10000 0 10000 10000 9514 6779 9757 9510 9407 9511 0 
31
10000 9496 9381 10000 9859 10000 10000 9491 10000 9385 9748 9746 9129 6405 10000 10000 10000 10000 9746 9745 9130 9859 10000 9494 10000 6655 9381 9381 10000 10000 10000 9746 9493 9381 10000 9386 9490 10000 10000 10000 10000 9384 9748 9130 0 9134 10000 9382 10000 9498 9859 10000 9494 10000 10000 9382 9384 9748 9494 9131 9382 9381 10000 9493 10000 10000 10000 9493 9495 9745 9382 9127 9491 9746 9381 6403 9130 9744 9127 9133 10000 10000 10000 9128 10000 9748 10000 10000 9860 9384 9494 10000 9127 10000 9495 9746 9497 9497 9746 10000 9745 9496 9382 9748 10000 6404 9382 8632 9859 9130 6659 10000 6772 9383 10000 9128 9746 10000 6404 10000 9742 10000 9859 10000 9129 9129 10000 10000 10000 10000 10000 9750 10000 10000 4727 10000 9493 10000 9385 6406 10000 9747 10000 6772 9747 10000 9747 9128 9125 10000 10000 10000 0 10000 10000 9495 6658 9745 9489 9383 9492 0 
32
10000 9477 9357 10000 9852 10000 10000 9470 10000 9361 9736 9734 9096 6275 10000 10000 10000 10000 9734 9733 9097 9853 10000 9473 10000 6533 9357 9357 10000 10000 10000 9734 9472 9357 10000 9362 9469 10000 10000 10000 10000 9360 9736 9097 0 9101 10000 9358 10000 9479 9853 10000 9473 10000 10000 9358 9360 9736 9475 9098 9358 9357 10000 9474 10000 10000 10000 9474 9474 9733 9358 9094 9470 9734 9357 6272 9097 9732 9094 9100 10000 10000 10000 9095 10000 9736 10000 10000 9854 9360 9473 10000 9094 10000 9476 9734 9476 9478 9734 10000 9733 9477 9358 9736 10000 6273 9358 8578 9853 9097 6538 10000 6656 9359 10000 9095 9734 10000 6274 10000 9730 10000 9853 10000 9096 9096 10000 10000 10000 10000 10000 9738 10000 10000 3576 10000 9472 10000 9361 6276 10000 9735 10000 6656 9735 10000 9735 9095 9092 10000 10000 10000 0 10000 10000 9476 6536 9733 9468 9359 9473 0 
33
10000 9458 9333 10000 9845 10000 10000 9449 10000 9337 9724 9722 9063 6144 10000 10000 10000 10000 9722 9721 9064 9846 10000 9452 10000 6411 9333 9332 10000 10000 10000 9722 9451 9333 10000 9338 9448 10000 10000 10000 10000 9336 9724 9063 0 9068 10000 9334 10000 9460 9846 10000 9452 10000 10000 9333 9336 9724 9456 9065 9334 9333 10000 9455 10000 10000 10000 9455 9453 9721 9333 9060 9449 9722 9332 6141 9064 9720 9060 9067 10000 10000 10000 9061 10000 9724 10000 10000 9848 9336 9452 10000 9060 10000 9457 9722 9455 9459 9722 10000 9721 9458 9358 9724 10000 6142 9333 8523 9846 9063 6416 10000 6539 9335 10000 9061 9722 10000 6143 10000 9718 10000 9846 10000 9063 9063 10000 10000 10000 10000 10000 9726 10000 10000 2092 10000 9451 10000 9337 6145 10000 9723 10000 6539 9723 10000 9723 9062 9058 10000 10000 10000 0 10000 10000 9457 6414 9721 9447 9335 9454 0 
34
10000 9439 9308 10000 9838 10000 10000 9427 10000 9312 9712 9710 9029 6012 10000 10000 10000 10000 9710 9708 9030 9839 10000 9430 10000 6288 9308 9307 10000 10000 10000 9710 9429 9308 10000 9313 9426 10000 10000 10000 10000 9311 9712 9029 0 9034 10000 9309 10000 9441 9839 10000 9430 10000 10000 9308 9311 9712 9437 9031 9309 9308 10000 9436 10000 10000 10000 9436 9431 9709 9308 9026 9427 9710 9307 6009 9030 9708 9026 9033 10000 10000 10000 9027 10000 9712 10000 10000 9841 9311 9430 10000 9026 10000 9438 9710 9434 9440 9710 10000 9709 9439 9358 9712 10000 6010 9308 8468 9839 9029 6293 10000 6422 9310 10000 9027 9709 10000 6011 10000 9705 10000 9839 10000 9029 9029 10000 10000 10000 10000 10000 9714 10000 10000 67 10000 9429 10000 9312 6013 10000 9711 10000 6422 9711 10000 9711 9028 9024 10000 10000 10000 0 10000 10000 9438 6291 9709 9425 9310 9435 0 
35
10000 9420 9283 10000 9831 10000 10000 9405 10000 9287 9699 9697 8995 5879 10000 10000 10000 10000 9697 9695 8996 9832 10000 9408 10000 6164 9283 9282 10000 10000 10000 9697 9407 9283 10000 9288 9404 10000 10000 10000 10000 9286 9699 8995 0 9000 10000 9284 10000 9422 9832 10000 9408 10000 10000 9283 9286 9699 9418 8997 9284 9283 10000 9417 10000 10000 10000 9417 9409 9696 9283 8992 9405 9697 9282 5876 8996 9695 8992 8999 10000 10000 10000 8993 10000 9699 10000 10000 9834 9286 9408 10000 8992 10000 9419 9697 9412 9421 9697 10000 9696 9420 9358 9699 10000 5877 9283 8412 9832 8995 6170 10000 6304 9285 10000 8993 9696 10000 5878 10000 9692 10000 9832 10000 8995 8995 10000 10000 10000 10000 10000 9701 10000 10000 0 10000 9407 10000 9287 5880 10000 9698 10000 6304 9698 10000 9698 8994 8990 10000 10000 10000 0 10000 10000 9419 6167 9696 9403 9285 9416 0 
36
10000 9401 9258 10000 9824 10000 10000 9383 10000 9262 9686 9684 8961 5746 10000 10000 10000 10000 9684 9682 8962 9825 10000 9386 10000 6040 9258 9257 10000 10000 10000 9684 9385 9258 10000 9263 9382 10000 10000 10000 10000 9261 9686 8961 0 8966 10000 9259 10000 9403 9825 10000 9386 10000 10000 9258 9261 9686 9399 8963 9259 9258 10000 9398 10000 10000 10000 9398 9387 9683 9258 8958 9383 9684 9257 5742 8962 9682 8957 8965 10000 10000 10000 8959 10000 9686 10000 10000 9827 9261 9386 10000 8958 10000 9400 9684 9390 9402 9684 10000 9683 9401 9358 9686 10000 5744 9258 8355 9825 8961 6046 10000 6186 9260 10000 8959 9683 10000 5745 10000 9679 10000 9825 10000 8961 8961 10000 10000 10000 10000 10000 9688 10000 10000 0 10000 9385 10000 9262 5747 10000 9685 10000 6186 9685 10000 9685 8960 8955 10000 10000 10000 0 10000 10000 9400 6043 9683 9381 9260 9397 0 
37
10000 9382 9233 10000 9817 10000 10000 9361 10000 9237 9673 9671 8926 5612 10000 10000 10000 10000 9671 9669 8927 9818 10000 9364 10000 5915 9233 9232 10000 10000 10000 9671 9363 9233 10000 9238 9360 10000 10000 10000 10000 9236 9673 8926 0 8931 10000 9234 10000 9384 9818 10000 9364 10000 10000 9232 9236 9673 9380 8928 9234 9233 10000 9379 10000 10000 10000 9379 9365 9670 9232 8923 9361 9671 9231 5608 8927 9669 8922 8931 10000 10000 10000 8924 10000 9673 10000 10000 9820 9236 9364 10000 8923 10000 9381 9671 9368 9383 9671 10000 9670 9382 9358 9673 10000 5610 9232 8298 9818 8926 5921 10000 6067 9235 10000 8924 9670 10000 5611 10000 9666 10000 9818 10000 8926 8926 10000 10000 10000 10000 10000 9675 10000 10000 0 10000 9363 10000 9237 5613 10000 9672 10000 6067 9672 10000 9672 8925 8920 10000 10000 10000 0 10000 10000 9381 5918 9670 9359 9235 9378 0 
38
10000 9363 9207 10000 9810 10000 10000 9338 10000 9211 9660 9658 8891 5477 10000 10000 10000 10000 9658 9656 8892 9811 10000 9341 10000 5789 9207 9206 10000 10000 10000 9658 9340 9207 10000 9212 9337 10000 10000 10000 10000 9210 9660 8891 0 8896 10000 9208 10000 9365 9811 10000 9341 10000 10000 9206 9210 9660 9361 8893 9208 9207 10000 9359 10000 10000 10000 9359 9342 9657 9206 8888 9338 9658 9205 5473 8892 9656 8887 8896 10000 10000 10000 8889 10000 9660 10000 10000 9808 9210 9341 10000 8888 10000 9362 9658 9346 9364 9658 10000 9657 9363 9358 9660 10000 5475 9206 8240 9811 8891 5795 10000 5947 9209 10000 8889 9657 10000 5476 10000 9652 10000 9818 10000 8891 8891 10000 10000 10000 10000 10000 9662 10000 10000 0 10000 9340 10000 9211 5478 10000 9659 10000 5947 9659 10000 9659 8890 8885 10000 10000 10000 0 10000 10000 9362 5792 9657 9336 9209 9358 0 
39
10000 9343 9181 10000 9803 10000 10000 9315 10000 9185 9647 9644 8856 5341 10000 10000 10000 10000 9644 9642 8857 9804 10000 9318 10000 5662 9181 9180 10000 10000 10000 9644 9317 9181 10000 9186 9314 10000 10000 10000 10000 9184 9646 8856 0 8861 10000 9182 10000 9346 9804 10000 9318 10000 10000 9180 9184 9646 9341 8858 9182 9181 10000 9339 10000 10000 10000 9339 9319 9643 9180 8853 9315 9644 9179 5337 8857 9642 8852 8861 10000 10000 10000 8854 10000 9646 10000 10000 9775 9184 9318 10000 8853 10000 9342 9644 9323 9345 9644 10000 9643 9343 9358 9647 10000 5339 9180 8182 9804 8856 5669 10000 5827 9183 10000 8854 9643 10000 5340 10000 9638 10000 9818 10000 8856 8856 10000 10000 10000 10000 10000 9649 10000 10000 0 10000 9317 10000 9185 5342 10000 9645 10000 5827 9646 10000 9646 8855 8850 10000 10000 10000 0 10000 10000 9342 5665 9643 9313 9183 9338 0 
40
10000 9323 9155 10000 9796 10000 10000 9292 10000 9159 9633 9630 8820 5204 10000 10000 10000 10000 9630 9628 8822 9797 10000 9295 10000 5535 9155 9154 10000 10000 10000 9630 9294 9155 10000 9160 9291 10000 10000 10000 10000 9158 9632 8820 0 8826 10000 9156 10000 9326 9797 10000 9295 10000 10000 9154 9158 9632 9321 8823 9156 9155 10000 9319 10000 10000 10000 9319 9296 9629 9154 8818 9292 9630 9153 5200 8822 9628 8816 8826 10000 10000 10000 8818 10000 9632 10000 10000 9742 9158 9295 10000 8817 10000 9322 9630 9300 9325 9630 10000 9629 9323 9358 9633 10000 5202 9154 8123 9797 8820 5542 10000 5706 9157 10000 8818 9629 10000 5203 10000 9624 10000 9818 10000 8820 8820 10000 10000 10000 10000 10000 9635 10000 10000 0 10000 9294 10000 9159 5206 10000 9631 10000 5706 9632 10000 9632 8820 8814 10000 10000 10000 0 10000 10000 9322 5538 9629 9290 9157 9318 0 
41
10000 9303 9129 10000 9788 10000 10000 9268 10000 9133 9619 9616 8784 5067 10000 10000 10000 10000 9616 9614 8786 9790 10000 9271 10000 5407 9129 9128 10000 10000 10000 9616 9270 9129 10000 9134 9267 10000 10000 10000 10000 9132 9618 8784 0 8790 10000 9130 10000 9306 9790 10000 9271 10000 10000 9127 9132 9618 9301 8787 9130 9129 10000 9299 10000 10000 10000 9299 9272 9629 9127 8782 9268 9616 9127 5063 8786 9614 8780 8790 10000 10000 10000 8782 10000 9618 10000 10000 9688 9132 9271 10000 8781 10000 9302 9616 9277 9305 9616 10000 9615 9303 9358 9619 10000 5065 9128 8064 9790 8784 5414 10000 5585 9131 10000 8782 9615 10000 5066 10000 9610 10000 9818 10000 8784 8784 10000 10000 10000 10000 10000 9621 10000 10000 0 10000 9270 10000 9133 5069 10000 9617 10000 5585 9618 10000 9618 8784 8778 10000 10000 10000 0 10000 10000 9302 5410 9615 9266 9131 9298 0 
42
10000 9283 9102 10000 9780 10000 10000 9244 10000 9106 9605 9602 8748 4929 10000 10000 10000 10000 9602 9600 8750 9782 10000 9247 10000 5278 9102 9101 10000 10000 10000 9602 9246 9102 10000 9107 9243 10000 10000 10000 10000 9105 9604 8748 0 8754 10000 9103 10000 9286 9782 10000 9247 10000 10000 9100 9105 9604 9281 8751 9103 9102 10000 9279 10000 10000 10000 9279 9248 9629 9100 8746 9244 9602 9100 4925 8750 9600 8744 8754 10000 10000 10000 8746 10000 9604 10000 10000 9628 9105 9247 10000 8745 10000 9282 9602 9253 9285 9602 10000 9601 9283 9358 9605 10000 4927 9101 8004 9782 8748 5285 10000 5463 9104 10000 8746 9601 10000 4928 10000 9595 10000 9818 10000 8748 8748 10000 10000 10000 10000 10000 9607 10000 10000 0 10000 9246 10000 9106 4931 10000 9603 10000 5463 9604 10000 9604 8748 8742 10000 10000 10000 0 10000 10000 9282 5281 9601 9242 9104 9278 0 
43
10000 9263 9075 10000 9772 10000 10000 9220 10000 9079 9591 9587 8712 4790 10000 10000 10000 10000 9587 9585 8714 9774 10000 9223 10000 5148 9075 9074 10000 10000 10000 9588 9222 9075 10000 9080 9219 10000 10000 10000 10000 9078 9590 8711 0 8718 10000 9076 10000 9266 9774 10000 9223 10000 10000 9073 9078 9589 9261 8715 9076 9075 10000 9259 10000 10000 10000 9259 9224 9629 9073 8710 9220 9587 9073 4786 8714 9585 8707 8718 10000 10000 10000 8710 10000 9590 10000 10000 9567 9078 9223 10000 8708 10000 9262 9587 9229 9265 9587 10000 9587 9263 9358 9591 10000 4788 9074 7944 9774 8712 5156 10000 5340 9077 10000 8710 9586 10000 4789 10000 9580 10000 9818 10000 8712 8712 10000 10000 10000 10000 10000 9593 10000 10000 0 10000 9222 10000 9079 4792 10000 9589 10000 5340 9590 10000 9590 8712 8705 10000 10000 10000 0 10000 10000 9262 5151 9587 9218 9077 9258 0 
44
10000 9243 9048 10000 9764 10000 10000 9196 10000 9052 9576 9572 8675 4650 10000 10000 10000 10000 9572 9570 8677 9766 10000 9199 10000 5018 9048 9047 10000 10000 10000 9573 9198 9048 10000 9053 9195 10000 10000 10000 10000 9051 9575 8674 0 8681 10000 9049 10000 9246 9766 10000 9199 10000 10000 9046 9051 9574 9241 8678 9049 9048 10000 9239 10000 10000 10000 9239 9200 9629 9046 8673 9196 9572 9046 4646 8677 9570 8670 8681 10000 10000 10000 8673 10000 9575 10000 10000 9500 9051 9199 10000 8671 10000 9242 9572 9205 9245 9572 10000 9572 9243 9358 9576 10000 4648 9047 7883 9766 8675 5026 10000 5217 9050 10000 8673 9571 10000 4649 10000 9565 10000 9818 10000 8675 8675 10000 10000 10000 10000 10000 9578 10000 10000 0 10000 9198 10000 9052 4652 10000 9574 10000 5217 9575 10000 9575 8675 8668 10000 10000 10000 0 10000 10000 9242 5021 9572 9194 9050 9238 0 
45
10000 9223 9021 10000 9756 10000 10000 9171 10000 9025 9561 9557 8638 4509 10000 10000 10000 10000 9557 9555 8640 9758 10000 9174 10000 4887 9020 9020 10000 10000 10000 9558 9173 9021 10000 9026 9170 10000 10000 10000 10000 9024 9560 8637 0 8644 10000 9022 10000 9226 9758 10000 9174 10000 10000 9018 9024 9559 9221 8641 9022 9021 10000 9219 10000 10000 10000 9219 9175 9629 9019 8636 9171 9557 9019 4505 8640 9555 8633 8644 10000 10000 10000 8636 10000 9560 10000 10000 9412 9024 9174 10000 8634 10000 9222 9557 9181 9225 9557 10000 9557 9223 9358 9561 10000 4507 9020 7821 9758 8638 4895 10000 5093 9023 10000 8636 9556 10000 4508 10000 9550 10000 9818 10000 8638 8638 10000 10000 10000 10000 10000 9563 10000 10000 0 10000 9173 10000 9025 4512 10000 9559 10000 5093 9560 10000 9560 8638 8631 10000 10000 10000 0 10000 10000 9222 4890 9557 9169 9023 9218 0 
46
10000 9203 8993 10000 9748 10000 10000 9146 10000 8997 9546 9542 8601 4368 10000 10000 10000 10000 9542 9540 8603 9750 10000 9149 10000 4755 8992 8992 10000 10000 10000 9543 9148 8993 10000 8998 9145 10000 10000 10000 10000 8996 9545 8600 0 8607 10000 8994 10000 9206 9750 10000 9149 10000 10000 8990 8996 9544 9201 8604 8994 8993 10000 9198 10000 10000 10000 9198 9150 9629 8991 8599 9146 9542 8991 4363 8603 9540 8595 8607 10000 10000 10000 8599 10000 9545 10000 10000 9316 8996 9149 10000 8597 10000 9202 9542 9156 9205 9542 10000 9542 9203 9358 9546 10000 4365 8992 7759 9750 8601 4763 10000 4968 8995 10000 8599 9541 10000 4367 10000 9535 10000 9818 10000 8601 8601 10000 10000 10000 10000 10000 9548 10000 10000 0 10000 9148 10000 8997 4371 10000 9544 10000 4968 9545 10000 9545 8601 8593 10000 10000 10000 0 10000 10000 9202 4758 9542 9144 8996 9197 0 
47
10000 9182 8965 10000 9740 10000 10000 9121 10000 8969 9531 9526 8563 4226 10000 10000 10000 10000 9527 9524 8565 9742 10000 9124 10000 4622 8964 8964 10000 10000 10000 9528 9123 8965 10000 8970 9120 10000 10000 10000 10000 8968 9530 8562 0 8570 10000 8966 10000 9186 9742 10000 9124 10000 10000 8962 8968 9529 9180 8566 8966 8965 10000 9177 10000 10000 10000 9177 9125 9629 8963 8561 9121 9526 8963 4221 8565 9524 8557 8570 10000 10000 10000 8561 10000 9530 10000 10000 9213 8968 9124 10000 8559 10000 9181 9526 9131 9185 9527 10000 9527 9182 9358 9531 10000 4223 8964 7696 9742 8563 4631 10000 4843 8967 10000 8561 9525 10000 4225 10000 9519 10000 9818 10000 8563 8563 10000 10000 10000 10000 10000 9533 10000 10000 0 10000 9123 10000 8969 4229 10000 9529 10000 4843 9530 10000 9530 8563 8555 10000 10000 10000 0 10000 10000 9181 4625 9527 9119 8968 9176 0 
48
10000 9161 8937 10000 9732 10000 10000 9095 10000 8941 9515 9510 8525 4083 10000 10000 10000 10000 9511 9508 8527 9734 10000 9098 10000 4489 8936 8936 10000 10000 10000 9512 9097 8937 10000 8942 9094 10000 10000 10000 10000 8940 9514 8524 0 8532 10000 8938 10000 9165 9734 10000 9098 10000 10000 8934 8940 9513 9159 8528 8938 8937 10000 9156 10000 10000 10000 9156 9099 9629 8935 8523 9095 9510 8935 4078 8527 9508 8519 8532 10000 10000 10000 8523 10000 9514 10000 10000 9102 8940 9098 10000 8521 10000 9160 9510 9106 9164 9511 10000 9511 9161 9358 9515 10000 4080 8936 7633 9734 8525 4498 10000 4717 8939 10000 8523 9509 10000 4082 10000 9503 10000 9818 10000 8525 8525 10000 10000 10000 10000 10000 9517 10000 10000 0 10000 9097 10000 8941 4086 10000 9513 10000 4717 9514 10000 9514 8525 8517 10000 10000 10000 0 10000 10000 9160 4492 9511 9093 8940 9155 0 
49
10000 9161 8909 10000 9724 10000 10000 9069 10000 8913 9499 9494 8487 3939 10000 10000 10000 10000 9511 9492 8489 9726 10000 9072 10000 4355 8908 8908 10000 10000 10000 9496 9071 8909 10000 8914 9068 10000 10000 10000 10000 8912 9498 8486 0 8494 10000 8910 10000 9144 9726 10000 9072 10000 10000 8905 8912 9497 9138 8490 8910 8909 10000 9135 10000 10000 10000 9135 9073 9629 8907 8485 9069 9494 8907 3934 8489 9492 8481 8494 10000 10000 10000 8485 10000 9498 10000 10000 8983 8912 9072 10000 8483 10000 9139 9494 9080 9143 9495 10000 9495 9140 9358 9499 10000 3936 8908 7569 9726 8487 4364 10000 4590 8911 10000 8485 9493 10000 3938 10000 9487 10000 9818 10000 8487 8487 10000 10000 10000 10000 10000 9501 10000 10000 0 10000 9071 10000 8913 3942 10000 9497 10000 4590 9498 10000 9498 8487 8478 10000 10000 10000 0 10000 10000 9139 4358 9495 9067 8912 9134 0 
50
10000 9161 8880 10000 9715 10000 10000 9043 10000 8884 9483 9478 8448 3794 10000 10000 10000 10000 9511 9476 8450 9718 10000 9046 10000 4220 8879 8879 10000 10000 10000 9480 9045 8880 10000 8885 9042 10000 10000 10000 10000 8883 9482 8447 0 8456 10000 8881 10000 9123 9718 10000 9046 10000 10000 8876 8883 9481 9117 8452 8881 8880 10000 9114 10000 10000 10000 9114 9047 9629 8878 8446 9043 9478 8878 3789 8451 9476 8442 8456 10000 10000 10000 8446 10000 9482 10000 10000 8861 8883 9046 10000 8444 10000 9118 9478 9054 9122 9479 10000 9479 9119 9358 9483 10000 3791 8879 7505 9718 8448 4229 10000 4463 8882 10000 8446 9477 10000 3793 10000 9471 10000 9818 10000 8448 8448 10000 10000 10000 10000 10000 9485 10000 10000 0 10000 9045 10000 8884 3797 10000 9481 10000 4463 9482 10000 9482 8448 8439 10000 10000 10000 0 10000 10000 9118 4223 9479 9041 8884 9113 0 
51
10000 9161 8851 10000 9706 10000 10000 9017 10000 8855 9467 9461 8409 3648 10000 10000 10000 10000 9511 9460 8411 9709 10000 9020 10000 4084 8850 8850 10000 10000 10000 9464 9019 8851 10000 8856 9015 10000 10000 10000 10000 8854 9466 8408 0 8417 10000 8852 10000 9102 9709 10000 9020 10000 10000 8847 8854 9465 9096 8413 8852 8851 10000 9093 10000 10000 10000 9093 9020 9629 8849 8407 9016 9461 8849 3643 8412 9460 8403 8417 10000 10000 10000 8407 10000 9466 10000 10000 8735 8854 9019 10000 8405 10000 9097 9462 9028 9101 9463 10000 9463 9098 9358 9467 10000 3645 8850 7440 9709 8409 4093 10000 4335 8853 10000 8407 9461 10000 3647 10000 9454 10000 9818 10000 8409 8409 10000 10000 10000 10000 10000 9469 10000 10000 0 10000 9019 10000 8855 3652 10000 9465 10000 4335 9466 10000 9466 8409 8400 10000 10000 10000 0 10000 10000 9097 4087 9463 9014 8855 9092 0 
52
10000 9161 8822 10000 9697 10000 10000 8990 10000 8826 9450 9444 8370 3501 10000 10000 10000 10000 9511 9443 8372 9700 10000 8993 10000 3947 8821 8821 10000 10000 10000 9447 8992 8822 10000 8827 8988 10000 10000 10000 10000 8825 9449 8369 0 8378 10000 8823 10000 9081 9700 10000 8993 10000 10000 8818 8825 9448 9075 8374 8823 8822 10000 9072 10000 10000 10000 9072 8993 9629 8820 8368 8989 9444 8820 3496 8373 9443 8364 8378 10000 10000 10000 8368 10000 9449 10000 10000 8585 8825 8992 10000 8366 10000 9076 9445 9001 9080 9446 10000 9446 9077 9358 9451 10000 3498 8821 7374 9700 8370 3957 10000 4206 8824 10000 8368 9444 10000 3500 10000 9437 10000 9818 10000 8370 8370 10000 10000 10000 10000 10000 9453 10000 10000 0 10000 8992 10000 8826 3506 10000 9448 10000 4206 9449 10000 9449 8370 8360 10000 10000 10000 0 10000 10000 9076 3950 9446 8987 8826 9071 0 
53
10000 9161 8793 10000 9688 10000 10000 8963 10000 8797 9433 9427 8330 3354 10000 10000 10000 10000 9511 9426 8333 9691 10000 8966 10000 3810 8791 8792 10000 10000 10000 9430 8965 8793 10000 8798 8961 10000 10000 10000 10000 8796 9432 8329 0 8339 10000 8794 10000 9060 9691 10000 8966 10000 10000 8788 8796 9431 9054 8335 8794 8793 10000 9051 10000 10000 10000 9051 8966 9629 8790 8329 8962 9427 8791 3496 8334 9426 8324 8339 10000 10000 10000 8328 10000 9432 10000 10000 8424 8796 8965 10000 8326 10000 9055 9428 8974 9059 9429 10000 9429 9056 9358 9434 10000 3350 8792 7308 9691 8330 3820 10000 4077 8795 10000 8328 9427 10000 3353 10000 9420 10000 9818 10000 8330 8330 10000 10000 10000 10000 10000 9436 10000 10000 0 10000 8965 10000 8797 3359 10000 9431 10000 4077 9432 10000 9432 8331 8320 10000 10000 10000 0 10000 10000 9055 3813 9429 8960 8797 9050 0 
54
10000 9161 8763 10000 9679 10000 10000 8936 10000 8767 9416 9410 8290 3206 10000 10000 10000 10000 9511 9409 8293 9682 10000 8939 10000 3672 8761 8762 10000 10000 10000 9413 8938 8763 10000 8768 8934 10000 10000 10000 10000 8766 9415 8289 0 8299 10000 8764 10000 9039 9682 10000 8939 10000 10000 8758 8766 9414 9032 8295 8764 8763 10000 9029 10000 10000 10000 9029 8939 9629 8760 8289 8935 9410 8761 3496 8294 9409 8284 8299 10000 10000 10000 8288 10000 9415 10000 10000 8251 8766 8937 10000 8286 10000 9034 9411 8947 9038 9412 10000 9412 9035 9358 9417 10000 3202 8762 7241 9682 8290 3682 10000 3947 8765 10000 8328 9410 10000 3205 10000 9403 10000 9818 10000 8290 8290 10000 10000 10000 10000 10000 9419 10000 10000 0 10000 8938 10000 8767 3211 10000 9414 10000 3947 9415 10000 9415 8291 8280 10000 10000 10000 0 10000 10000 9034 3675 9412 8932 8768 9029 0 
